Time,delta_position_x,delta_position_y,delta_yaw
0.311,0.0,0.0,0.0
0.34500000000000003,-7.322998002577859e-07,1.298591089278921e-06,-4.462515384995314e-06
0.379,-8.961441928714148e-07,1.582472315548193e-06,-4.921367123378317e-06
0.41300000000000003,1.1126110093220756e-05,9.497607984902678e-07,-1.7732921141933037e-05
0.447,3.450787267960348e-07,-4.1490941638531306e-07,-8.530442083820589e-07
0.48100000000000004,4.23972128638702e-07,3.491899881052935e-07,8.268019145107887e-06
0.515,5.286904297377611e-07,4.296485074843995e-07,1.0243148329536213e-05
0.549,5.548637435326929e-07,4.4970486591522363e-07,1.0735917905790869e-05
0.5830000000000001,5.616073995885762e-07,4.5485723413002904e-07,1.0862712246595407e-05
0.617,5.633769060444348e-07,4.562298228415509e-07,1.0896180770325616e-05
0.651,5.638470294416775e-07,4.5661507621242745e-07,1.09052710601798e-05
0.685,5.639776690254637e-07,4.567423394848287e-07,1.090799218128602e-05
0.7190000000000001,5.640196022917848e-07,4.568021610856267e-07,1.0909049082519218e-05
0.753,5.640383468293909e-07,4.5684432718870113e-07,1.0909670974168506e-05
0.787,5.640510202325165e-07,4.5688184812948257e-07,1.0910179013778887e-05
0.8210000000000001,5.640620957779452e-07,4.56918126238038e-07,1.091065712355288e-05
0.8550000000000001,5.640727430431311e-07,4.569540531899896e-07,1.0911127244828123e-05
0.889,5.640832685407087e-07,4.5698986455861706e-07,1.0911595128781926e-05
0.923,5.640937533182497e-07,4.5702562433613467e-07,1.091206229286712e-05
0.9570000000000001,5.641042192892215e-07,4.570613513533994e-07,1.0912529147422136e-05
0.9910000000000001,5.641146729584001e-07,4.5709705251721286e-07,1.0912995812351056e-05
1.025,5.641251166759089e-07,4.571327314084779e-07,1.0913462329398273e-05
1.059,5.64135551662983e-07,4.571683905538193e-07,1.0913928722766641e-05
1.093,5.641460147048742e-07,4.5720406078577844e-07,1.0914395693895074e-05
1.127,5.641565981803764e-07,4.5723981975101516e-07,1.0914865039124422e-05
1.161,5.641670740986864e-07,4.5727548767708634e-07,1.0915332397498643e-05
1.195,5.641775130331254e-07,4.573111194363516e-07,1.0915799096400393e-05
1.229,5.64187938517386e-07,4.573467338965207e-07,1.0916265576144113e-05
1.263,5.641983570328288e-07,4.573823368823512e-07,1.091673195685594e-05
1.2970000000000002,0.0002231591599063675,-0.00038497805942630964,1.9891540518957026e-05
1.331,0.0006581183114523,-0.0011381008016959,3.435729774392548e-05
1.365,0.0010936200030327,-0.0018920981038878,4.8074358512728566e-05
1.399,0.0015254599919424,-0.00263959596364,6.273660893985067e-05
1.433,0.0019438317298089,-0.0033637657850543005,8.266150276781127e-05
1.467,0.0023325492556384997,-0.0040362748651424,0.00010607277878182941
1.501,0.0026698752186285002,-0.0046193580516905985,6.565375773215365e-05
1.5350000000000001,0.0029317548900811997,-0.005073031705469203,-0.00019446746326967634
1.569,0.0030951051633338993,-0.005366684432119798,-0.0007724681458269876
1.6030000000000002,0.0031513897653970002,-0.005473076520111,-0.0016430389891373132
1.637,0.0031525885021710005,-0.0054715384260456,-0.001030602253794921
1.671,0.0032127877835799006,-0.005593549490139703,0.0006993431901498591
1.705,0.0033815913397832013,-0.005872858180484296,0.002501201782473928
1.739,0.0036328552491090016,-0.006261598771937903,0.004697479052109266
1.7730000000000001,0.0037555775714230993,-0.006390094728891696,0.00581251764117141
1.807,0.0037991276984784966,-0.006388841011464308,0.004419990943539176
1.8410000000000002,0.0038299393258488038,-0.0063776243905901,0.004416699854515871
1.875,0.0038596585654977963,-0.0063625429061753,0.004875259871353954
1.909,0.0038927303775211017,-0.0063391449258739935,0.005867682718593281
1.943,0.003932867997210002,-0.006321555410970195,0.0058448066030019055
1.977,0.003972794248163797,-0.0063065854767178076,0.0052935405893517196
2.011,0.004005525861035995,-0.006292955342919598,0.00434522966948503
2.045,0.004024215778706403,-0.006259000529765496,0.004094382056708312
2.079,0.004007237845632103,-0.006182262762817706,0.0036966826368137755
2.113,0.0038665978567371945,-0.005918222319158603,0.0023529523993205403
2.1470000000000002,0.003786021770160408,-0.0057751170412924935,0.0020603866396772252
2.181,0.003755521807513998,-0.005688535989339494,0.004306269450847221
2.215,0.003876808188960801,-0.005812109937940901,0.004885986147954768
2.249,0.0039288567522312995,-0.005830744725097509,0.004458541483424061
2.283,0.003958464073443094,-0.005817624266237692,0.005044640041981462
2.317,0.004068149665550011,-0.005910626378919398,0.005532627825680313
2.351,0.004250186383492893,-0.006105424339030302,0.004763390207405127
2.385,0.004154488534288195,-0.005906994555479411,0.005306370076312183
2.419,0.003964188069005309,-0.005574935043439894,0.00459502517896082
2.453,0.004119316537216991,-0.005741982977167603,0.004146000605058208
2.487,0.0042132816631006015,-0.005826090744701501,0.0027647395279856157
2.521,0.004308742930016804,-0.0059302450157024955,0.0013201909621558536
2.555,0.004311816472400504,-0.005924505513156014,0.0012669145899741885
2.589,0.00436722916950999,-0.0059782386038791935,0.002996200909182511
2.623,0.004413064298058905,-0.005987874731998799,0.0038153728615555322
2.657,0.0044137232544630145,-0.00593890985422349,0.004325696260140122
2.691,0.0042777778027998925,-0.005710748865921711,0.0023655010884168215
2.725,0.004119999214608594,-0.005489678155053801,0.0020585185653468896
2.759,0.00424551740182319,-0.005612520799513299,0.004263687790982629
2.793,0.004417571501142414,-0.005787167874622606,0.004721811027245003
2.827,0.004541780593574601,-0.005892144171552677,0.004566154940775724
2.861,0.004570663109500384,-0.005874667426183311,0.004572640051993426
2.895,0.004610269485323115,-0.005883130437291606,0.0018270491624331477
2.9290000000000003,0.00462106710412491,-0.0058818583447906025,0.001251487767598869
2.963,0.0046291338289516926,-0.005873758532658702,0.0011275506302533822
2.997,0.004588947881843691,-0.005805959491409385,0.001554168653391641
3.031,0.00460732314355769,-0.005811792934506621,0.0018149615775137073
3.065,0.004645855926355413,-0.005836258135704597,0.002404561591913712
3.099,0.004661252698508506,-0.005831912121674165,0.0014488608163610859
3.133,0.004668086260395082,-0.005813966789935621,0.0016459987974487555
3.167,0.004646348073825413,-0.005771046570628102,0.002282856251206056
3.201,0.0046836027545957,-0.0057875030132307215,0.002471795583960712
3.235,0.004697594263368993,-0.005777458874530961,0.0025132142504004085
3.269,0.004714500411603317,-0.005768780712618327,0.002257177699167001
3.303,0.004739609163300185,-0.005787707228912364,-0.0003612217130589679
3.337,0.004741192871879796,-0.005795073312575005,-0.0003873686335924553
3.371,0.0047252892107085,-0.005779493576253403,-0.0002567427733490835
3.4050000000000002,0.004507941651121006,-0.005512955283374643,0.0007508770128693555
3.439,0.004492542086661,-0.005481149105438565,0.0003535849889396703
3.473,0.004463295722046595,-0.005447394112720494,-6.975458591640393e-05
3.507,0.0044657843080818105,-0.005448039816889405,0.0007961531364107933
3.541,0.004492568267861874,-0.0054705849820083086,0.0012082561086779187
3.575,0.004514996041518338,-0.005484790818250818,0.0014304626200236645
3.609,0.004683777302873282,-0.005654857320569195,0.003780058618262805
3.643,0.004714457546544093,-0.005642641410170901,0.004490272442165266
3.677,0.004739529977964618,-0.005623668130228798,0.003894375799931238
3.7110000000000003,0.004809272379688478,-0.005675481406857086,0.0019684562904824787
3.745,0.004829793080336819,-0.0056793720870537134,0.0018477379051777818
3.779,0.004844978115545406,-0.005676550581084683,0.0015142137082996276
3.813,0.004857683916084876,-0.005677803470613307,0.0010818942949657464
3.847,0.004866244918524609,-0.005676120990128708,0.0010289195731807421
3.8810000000000002,0.004805066959175597,-0.005588045064261582,0.002073251578765256
3.915,0.004653032011140978,-0.005377724854184307,0.0032275672036570224
3.949,0.004660253185140906,-0.005362809600917007,0.0009087841513316652
3.983,0.004681398812869442,-0.005382194818272901,0.00024460786121205397
4.017,0.00483056992269959,-0.005551615956355005,0.0008957506263446158
4.051,0.0049150154091126,-0.005639782299192264,0.00022385774566802133
4.085,0.004853939733933277,-0.005567801618365231,-0.0003413888552931122
4.119,0.0047545380538071,-0.0054566318305164785,3.117868605451157e-05
4.153,0.004677809739193239,-0.005362658490386141,0.0014678207473429736
4.187,0.0047326447747648714,-0.0054012841662081645,0.0036850637378685876
4.221,0.0049729559731852,-0.0056199664079554235,0.004783833889436151
4.255,0.004955329823252808,-0.00555938914423687,0.0032126305614276203
4.289,0.004984432005757211,-0.005562483055340406,0.0011915429881110828
4.323,0.004995108269713167,-0.005571372191524315,0.00013669515649650243
4.357,0.004996200931012218,-0.005570663224853223,3.034305479310273e-05
4.391,0.004918229735956292,-0.00547212679769582,0.0017911460624421283
4.425,0.0048378832514957,-0.005361809621854952,0.0016084030933946056
4.459,0.004748765868860194,-0.0052602247048735284,-0.00027613958254368853
4.493,0.004746449511442485,-0.00525772074464792,0.0005242958468744119
4.527,0.00474972970453541,-0.005255231856034159,0.0006954908380084613
4.561,0.004752637633145207,-0.005250203681020915,0.0007654797583181994
4.595,0.004830236462874504,-0.005314603286102448,0.002424554301266535
4.629,0.004852300429270706,-0.0053082153589332215,0.0030878402555666318
4.663,0.004924522122204289,-0.005358854402037205,0.0021456544400700883
4.697,0.004825024758777108,-0.005243928170046042,-0.00040424713700548676
4.731,0.004795307049424824,-0.005219792449047023,-0.0008930125110341304
4.765,0.004795342626449262,-0.005229408903110078,-0.0009438451681983429
4.799,0.004970999534395726,-0.005442832209976101,-0.004254704764816042
4.833,0.00505297716510289,-0.005595188471636092,-0.006137247179722748
4.867,0.0050152753203766,-0.005617213516079356,-0.006202446066313372
4.901,0.004747060532083014,-0.005365250422434853,-0.0007104439836899122
4.9350000000000005,0.004810287871180596,-0.005435254709775461,-0.0006343975401513768
4.969,0.004949635052162171,-0.005608781297453014,-0.0011352277288738666
5.003,0.0049525159012214215,-0.005626051404123755,-0.0015210619368045686
5.037,0.0049412553888503186,-0.005630799827269106,-0.0014083443198316117
5.071,0.004918636432588885,-0.005613480924273828,-0.0015153689082419985
5.105,0.004699278119510375,-0.005401644616234158,-0.004881754122438631
5.139,0.004504119710096732,-0.00522155339836472,-0.002793841351474424
5.173,0.004378197406364304,-0.005092366153361283,-0.0002586368915987736
5.207,0.004687742298554509,-0.005444965934997437,0.001469797827689301
5.241,0.004883288736030056,-0.00566045416435168,0.00022574964102584083
5.275,0.004888356532853466,-0.00566606219655974,6.648922508090127e-05
5.309,0.004890289742779497,-0.005668926777260719,-0.00023541445083863358
5.343,0.004888602930692709,-0.005667650585402195,-0.0003707697158896739
5.377,0.004847193074282163,-0.005624122678939081,-0.0003540207398337048
5.411,0.004822837694062887,-0.0055938185932234985,0.0010009150703252923
5.445,0.004879551021863215,-0.005644180278133626,0.0019666615996321024
5.479,0.004838711522034411,-0.005574905625029158,0.0016425608233645583
5.513,0.004639586159885245,-0.0053345813634168016,0.0014251837306236137
5.547,0.004647143233964313,-0.005313885013470854,0.002386722287995968
5.581,0.004671815492355069,-0.005313502636179246,0.0036789716532376056
5.615,0.004779443046701415,-0.005386788458493164,0.0050345766803250305
5.649,0.004924042226215675,-0.0055025697644248694,0.0036880735539991383
5.683,0.00490370413564134,-0.005444059547576097,0.0022675581136754053
5.7170000000000005,0.004746994228130519,-0.005262240861426459,-0.00032018327833405197
5.751,0.004747699105902448,-0.005267407181732797,-0.00036808628826534573
5.785,0.004830367706475491,-0.005365771979100709,-0.0015444213637454407
5.819,0.004979241682258051,-0.005553819556695538,-0.002857683620833384
5.853,0.004952659926002689,-0.005558605321854149,-0.003160859408452676
5.8870000000000005,0.004822316037266239,-0.005443606419274771,-0.0016113363531718994
5.921,0.0044905017122406354,-0.005067004192177982,0.0021168522276516777
5.955,0.0044399883913213145,-0.00499247715832285,0.0015961433089399788
5.989,0.004552892280369147,-0.005100737541014588,0.0021278189397807563
6.023,0.004832468320838945,-0.0053799901731523825,0.004004261158767286
6.057,0.0049103982280112035,-0.005416241586557402,0.003709036512899999
6.091,0.004911998582120214,-0.005380643915411265,0.003737678657551591
6.125,0.0049923142794559006,-0.005435046673216148,0.0026310059368159773
6.159,0.005056604367882467,-0.0054818676238361785,0.0018305257013857545
6.193,0.0050715394193028285,-0.005482664707835094,0.0008316885243214723
6.227,0.005078627527492663,-0.005483682905642828,0.0006307628841506485
6.261,0.005082942712971272,-0.0054822416742204005,0.0005475978535580683
6.295,0.005092129747571339,-0.005485134057207741,-0.0006627979775105651
6.329,0.005054856325939383,-0.005460610224791829,-0.0014928317349508504
6.363,0.005056802944814698,-0.00548015257247636,-0.0013426825914721883
6.397,0.004831916324420704,-0.005241052166338633,0.0012706922172684987
6.431,0.00458572849660599,-0.004959800798654879,0.00034863493939596424
6.465,0.004548624893766617,-0.004924168669426465,-0.0005293673041318893
6.499,0.004739350616275395,-0.005130663996593343,0.0014290753164758472
6.533,0.00490128821577096,-0.005277696549551347,0.0024766183947851905
6.567,0.004910533644311266,-0.0052581763780176205,0.0026757292399460786
6.601,0.004985180136451883,-0.0053122133933731774,0.0021902924021190984
6.635,0.005100459299560045,-0.005424600035321414,0.00043507355780592066
6.6690000000000005,0.0051102019686151134,-0.005431961861127821,0.0002015307070322159
6.703,0.0048843183058797646,-0.005191239179514806,-0.00035626400474775277
6.737,0.004857530259904097,-0.005170330028296033,-0.0008138642704207387
6.771,0.004865882654106479,-0.005185561256435101,-0.0011511134157968783
6.805,0.005024193369942753,-0.005382198050383424,-0.0057475170871657
6.839,0.004935202116745474,-0.005350457373719419,-0.004069863340129376
6.873,0.0049895230090243325,-0.005447094578467149,-0.002389504169251433
6.907,0.005045749601299554,-0.005524306070824325,-0.0003739058658671635
6.941,0.005046751377672853,-0.005528333188427603,-0.0003267302387586213
6.975,0.0050141907817798925,-0.005495705260844863,-0.0007140764518843712
7.009,0.004846862025169263,-0.005322975653582751,-0.00187443119458508
7.043,0.004793220485581284,-0.0052837903554612264,-0.0005750116923942672
7.077,0.00477422375324954,-0.005261157039948228,0.0006686448019224133
7.111,0.004948695104639356,-0.005447321019126927,-1.3933839116408999e-05
7.145,0.005031324509477186,-0.005547638616918871,-0.0013904647594199515
7.179,0.004958447003640454,-0.0054819718495033865,-0.0010160792966621424
7.213,0.004751891792723617,-0.005261836221989169,-0.00033416824293219793
7.247,0.004751346293519365,-0.005264434204436452,-0.00044447434478189773
7.281,0.004732964720598365,-0.0052420773582677604,-0.00037846812740882646
7.315,0.004695695964195279,-0.005209977447883984,-0.0005551661816124431
7.349,0.004729203786895786,-0.005250753338694847,0.00011276215623468033
7.383,0.004654351097528542,-0.005164385809069194,0.00023295601586537098
7.417,0.004477072371245727,-0.004971162267492946,-2.552625869789438e-05
7.451,0.004479772532586579,-0.004969980624367376,0.0005566274287669426
7.485,0.004528024897272109,-0.005014046602520028,0.0013218786064996826
7.519,0.0045840480551578855,-0.005051277465672799,0.0019697217837427727
7.553,0.004595224976179257,-0.005047453436017868,0.0019522693941719238
7.587,0.0047459148331320256,-0.005195101351380238,0.0022703698265571504
7.621,0.004987086147015707,-0.0054345556656614225,0.0016682371080782852
7.655,0.0050574295537254566,-0.005499241564277613,0.0006689244904030112
7.689,0.004885124917304751,-0.0053020207686875764,0.0018176283096067445
7.723,0.004651878992501413,-0.005021937453923542,0.0026424925841885827
7.757,0.004825234328386108,-0.005194541677822073,4.733888559771415e-05
7.791,0.004896487018117179,-0.005275586724681869,-0.002476466811840661
7.825,0.004930672166974737,-0.005352350757890978,-0.0036771717669492605
7.859,0.00498829752571095,-0.005451571278129563,-0.002148378249451688
7.893,0.004876977093606016,-0.0053447598661757745,-0.0006308146660766178
7.927,0.00477811982778753,-0.0052414398700528775,-0.00046944277919447336
7.961,0.004773741466385095,-0.0052422961256521905,-0.00041278415580292544
7.995,0.0047755522229918634,-0.005238280321213651,0.0003548259930056252
8.029,0.004747228912756918,-0.005206540124323533,0.0009474950163597119
8.063,0.004770508216161762,-0.005220376874824906,0.0007057802331675854
8.097,0.00490773240493203,-0.0053613096260951565,0.0010322237958078075
8.131,0.0050484174692947414,-0.005515681351624835,-0.0009222425617123609
8.165,0.005048874601460418,-0.005527882471305645,-0.001006138051166672
8.199,0.0047422812301674,-0.005194308698463379,0.0010714183681427292
8.233,0.004750558423067819,-0.005197177302458167,-0.0006799362413555388
8.267,0.004784313638600768,-0.005241453690003839,-0.0013876497641085452
8.301,0.004830141938601651,-0.005317983418289263,-0.0036770815124224088
8.335,0.004857129307243135,-0.005387066201594459,-0.0028273776482218294
8.369,0.0049456936342048285,-0.005508899552808089,-0.0005837564280708475
8.403,0.004669722010824384,-0.005202262134389901,-0.0007443513035738647
8.437,0.004686255088536817,-0.005230780888873854,-0.00031040696458684014
8.471,0.00473410402260821,-0.005281608926033465,0.0005922101433051276
8.505,0.004787305130956598,-0.005320203547269475,0.0024439967272424923
8.539,0.004822516289127998,-0.00533541212352473,0.0020851385404310196
8.573,0.004906228387080769,-0.0054148089126162535,0.00021566403301731543
8.607,0.004546207082555265,-0.00502883108593033,-0.0014288367187507147
8.641,0.004484467589450536,-0.0049677921633022315,-0.00021318986035534504
8.675,0.004514320417300266,-0.005003972841693516,-0.00042355678449346185
8.709,0.004763583091130896,-0.005290331885460242,-0.0018210190350292923
8.743,0.004966420559012308,-0.0055440316995212235,-0.0038105250585047656
8.777,0.00494199672915252,-0.005556093719659927,-0.0032582972374785024
8.811,0.004881402757175524,-0.005521612587142677,-0.002321873369433902
8.845,0.004928110800873187,-0.005597355694131112,-0.0011577481238900234
8.879,0.004889771540580012,-0.0055623143379399664,-0.0009152468525289724
8.913,0.004681333189919812,-0.005333368049024401,0.00035235270170852484
8.947,0.00467546091375004,-0.005318561356271179,0.0005823279812681159
8.981,0.004684136924106408,-0.0053150930823095965,0.0011722472712922816
9.015,0.004657338642961584,-0.0052703283959434355,0.002370663539679407
9.049,0.004686667385635612,-0.005277497919093932,0.0021385721532111157
9.083,0.004758721497417184,-0.005336626217901319,0.002403825471736898
9.117,0.004962198062839374,-0.005544756991769262,0.0005762202520672721
9.151,0.004987993063040097,-0.005571998758411967,0.00020222445951112444
9.185,0.004874877186343385,-0.005440330286750061,0.0012315124713957457
9.219,0.004700292122292504,-0.005231165094163659,0.0005364800726572748
9.253,0.004741264746724649,-0.005273760614662448,-0.000498651722214527
9.287,0.004758105554989456,-0.005304620156953321,-0.0021448082736524876
9.321,0.004817781542256316,-0.005399261061223237,-0.0019316937959709124
9.355,0.004923150996712922,-0.005531612151884691,0.00038568735626376416
9.389,0.004975741589373861,-0.005580270120089326,0.0006856712223042295
9.423,0.004979193073387123,-0.00557758319817836,0.0005585457861760902
9.457,0.004982258168025888,-0.005566976970545534,0.0007006190732701258
9.491,0.004938721269254653,-0.005515298029006965,0.0004859187113971375
9.525,0.004966516274915067,-0.0055450660388816075,-0.00020999231297447182
9.559,0.00498510329847468,-0.005571373864657225,-0.0005055347604889794
9.593,0.0047466924098793495,-0.005310470377410503,-0.0006561550217989431
9.627,0.004444905302193103,-0.00497833965353478,9.743814465867918e-05
9.661,0.0044592019670879335,-0.0049925291183683385,0.0001779038843908731
9.695,0.004637890567123604,-0.005197327482821867,-0.002096977816245738
9.729,0.004794774695937365,-0.005403313966837908,-0.003671510738133765
9.763,0.0047668109560614624,-0.005413035259690169,-0.003910202094088544
9.797,0.004773552002752979,-0.0054636551700835145,-0.0033507803872659947
9.831,0.0048548954712541725,-0.005588350104797524,-0.0013109243979090301
9.865,0.004904602058235508,-0.005651215903995643,-0.00025965158300533803
9.899000000000001,0.00470865886955063,-0.005433241157390745,-0.0007642352631407335
9.933,0.004636971546251534,-0.0053497475627442,-2.1748346137107077e-05
9.967,0.004626826575297338,-0.005335872817432197,0.0003664477706745162
10.001,0.004699835875502156,-0.0054066455232992805,0.0022253886261983657
10.035,0.004815599173493279,-0.00552376391828302,0.0005118364491474292
10.069,0.004911082525193899,-0.0056394037637901295,-0.0008643059474274794
10.103,0.004903162931791938,-0.005629317899636277,0.001277161012921968
10.137,0.004914281531244624,-0.005627318604602083,0.0012108423068228904
10.171,0.004906885030348196,-0.0056045155984802975,0.0013570546914181134
10.205,0.004673275975644708,-0.005308034078169266,0.004079327562511725
10.239,0.004707239374532657,-0.005315340657659595,0.001158589036415636
10.273,0.00471316150069967,-0.005313396960428429,0.00045034777069608006
10.307,0.004924663935293783,-0.005560993210446119,-0.0019365735047666144
10.341,0.004960287781327288,-0.005623262925802175,-0.0016735307703373836
10.375,0.0049203288742147855,-0.00559731453562029,-0.0019806217086328903
10.409,0.004602630866709978,-0.005271847649664263,-0.005488991049707236
10.443,0.004600778308382791,-0.005312360817676387,-0.0013154257327466778
10.477,0.004604922166417946,-0.005323132143281839,-7.807428635508984e-05
10.511,0.004622327112056235,-0.005336656742339407,0.0014270053517853043
10.545,0.004633645447968293,-0.005334439139562219,0.0014110441468631052
10.579,0.004692749139376673,-0.005387447991270333,0.001445593115262267
10.613,0.004908772466915012,-0.005625558969207578,-0.0002076696783051002
10.647,0.004920000157353943,-0.005644588505622883,-0.00047407624922024544
10.681000000000001,0.004919525856683427,-0.0056509198646217396,-0.0008841826408079179
10.715,0.004904676387993634,-0.005640963454874193,-0.001594395772923085
10.749,0.004870930031869003,-0.005629153067471027,-0.002114932493299304
10.783,0.004803349402482393,-0.005569395009113354,-0.001068323695118556
10.817,0.004430061315986666,-0.005143952294380139,-0.0001887880714162016
10.851,0.0043699704897939284,-0.005078631640851317,-0.0005439839286214276
10.885,0.004429430151027924,-0.0051526445166647505,0.00036692954450012744
10.919,0.004583763795124707,-0.005309984902286402,0.002343297280682166
10.953,0.004591379200104662,-0.005292593911903731,0.0024600532361226386
10.987,0.004697828969499218,-0.005388819884665885,0.002525005855200435
11.021,0.004866519336677255,-0.0055637028330322025,0.0009145097009627401
11.055,0.004923070330001167,-0.005623777111664063,6.562809151011707e-05
11.089,0.004785650005230568,-0.005467188308560855,-9.82197764445303e-05
11.123,0.004671881107940257,-0.005342383260853678,-0.0008732250231614502
11.157,0.004668058076822357,-0.005348602023208082,-0.0009583752161231863
11.191,0.004768281903432925,-0.00547509047492345,-0.0031981196263624052
11.225,0.004804395941472972,-0.0055681217776357705,-0.005131883341697896
11.259,0.00478949191286393,-0.005610451452969123,-0.004848538623539176
11.293,0.004838993858275797,-0.005722427268845198,-0.003925708262417893
11.327,0.004830040388456469,-0.005755509033918971,-0.0037561535861995172
11.361,0.004805931047166867,-0.005769518912025262,-0.0036472604382703495
11.395,0.004699276641237926,-0.00568232897371912,-0.005000402328827812
11.429,0.004571781080051185,-0.005589903162245946,-0.004339312908875015
11.463,0.004467841802773931,-0.005504353193729772,-0.002886206630111854
11.497,0.0046251572076518865,-0.005725859518369569,-0.0013612711699483304
11.531,0.004697282961911853,-0.005826485742518539,-0.0010613484132030448
11.565,0.004693910852915373,-0.005835363419017581,-0.0010378005251074904
11.599,0.004682438974624281,-0.0058205172947987105,0.0015363825480972924
11.633,0.004694306514368529,-0.005816719764412115,0.0015390443683241939
11.667,0.004699832365984591,-0.005804864192496151,0.001500420583436801
11.701,0.00453023412537501,-0.005561409039826382,0.004665930141212637
11.735,0.004490208505010251,-0.005464457142321244,0.003334340473360453
11.769,0.004379144742592933,-0.005306790497728198,0.00035318650561388937
11.803,0.004454838584253107,-0.005415582420122744,-0.0035335532155500444
11.837,0.004637383973984166,-0.005681578954391364,-0.002807663681898886
11.871,0.0047088040129434905,-0.005785398578014966,-0.00087664941635901
11.905,0.004452538431374942,-0.005501298864375892,-0.006272378533567435
11.939,0.004257386790187612,-0.005327967477951168,-0.004287333415523341
11.973,0.004167153129668755,-0.00525509568558169,-0.003240715077867384
12.007,0.004299553740588324,-0.005469370353743397,-0.006212083974997395
12.041,0.004573603361422984,-0.005894511111593781,-0.005498044661615632
12.075,0.004543702755204437,-0.005917075961299867,-0.0048379978224529765
12.109,0.004330846374920538,-0.005689513322044926,-0.0029955332129998347
12.143,0.004466519354715093,-0.005890506007949936,-0.000374862961619038
12.177,0.0045262895902067335,-0.005966620845872628,0.0007171034598510984
12.211,0.004526274200076896,-0.005952074714615563,0.0002896369026533785
12.245,0.004502436210181315,-0.005925791527097157,-0.00025125109316403993
12.279,0.004523241075625295,-0.005952675326144741,-5.0097101037538394e-05
12.313,0.004521131835000247,-0.005955755633010096,-0.0002582262693917592
12.347,0.004516955884247276,-0.005944124402263995,-7.476744562751049e-05
12.381,0.004478954663443613,-0.005897448645842518,0.00018636663835136513
12.415,0.004505084596272857,-0.005934389927164885,-0.0007407903803083872
12.449,0.00451252308642891,-0.005957462195122165,-0.0009305142509222764
12.483,0.004501901426963384,-0.00595131108484015,0.000889712667021314
12.517,0.004509882268114662,-0.0059330913555482034,0.002753174058809038
12.551,0.004529732430142541,-0.005925760281651815,0.0027343985243262203
12.585,0.004554858735744904,-0.005929462669878038,0.0013427320520114083
12.619,0.004565050035154394,-0.005936920030091608,0.000296653295069893
12.653,0.004566876527105634,-0.005935619047560126,0.00019107724629119358
12.687,0.004573181781833968,-0.005937608058191435,-0.000397529337273661
12.721,0.00454965014238673,-0.005923342113194563,-0.001077469466286951
12.755,0.004556660799147183,-0.0059419236635631645,-0.0007722861347048138
12.789,0.004540581033854352,-0.005929830310505535,0.0006202048047819764
12.823,0.004535958366492343,-0.005896871496782419,0.001626903834567317
12.857,0.004518293312691268,-0.005856563125548275,0.0021607173933338992
12.891,0.00452800504026829,-0.005851259522958507,-0.0005174345111257361
12.925,0.004568914158644022,-0.005930343631277202,-0.0024537425722704898
12.959,0.004559478874251344,-0.005948092648389913,-0.0024923524144561116
12.993,0.00454015877137226,-0.0059444951773419685,-0.00039320028029488086
13.027,0.004542553728875465,-0.005947233417958442,3.599799780051871e-05
13.061,0.004545913349509156,-0.005951764297908557,3.2007737735817443e-06
13.095,0.004537491503667113,-0.00593098301283268,0.0022314083608079294
13.129,0.004552819776504569,-0.005919148060924417,0.002475973611476223
13.163,0.004556092011040347,-0.005889708293198348,0.0020942390499656405
13.197,0.0044182259862006745,-0.005689696669635147,0.002611634153121711
13.231,0.0043440439682360665,-0.005569421529810548,0.0020940931408628405
13.265,0.004357801236430703,-0.005561773272968029,0.0022616367069482335
13.299,0.004430434435583885,-0.005612394260627651,0.0035445204597805975
13.333,0.004447185864545178,-0.005592216528577776,0.003898731499511032
13.367,0.004518382645872565,-0.005641357831939642,0.0028805486951338777
13.401,0.004236340461934773,-0.005274570572532777,-0.0004975267970743769
13.435,0.004268903992009854,-0.005327761196022518,-0.00016511425266252377
13.469,0.004439298719960405,-0.005535934006357879,0.00016821597283656062
13.503,0.004652189996812384,-0.005803965769992869,-0.0009998848886749734
13.537,0.0046825257287215205,-0.00586022890091531,-0.001567931425756508
13.571,0.004671568387268232,-0.005864925121942255,-0.001302544237561154
13.605,0.004662582281904637,-0.005860408801873662,0.00040545440095163254
13.639,0.00466411681426937,-0.005850456769856738,0.00020014556092706748
13.673,0.004639865687412703,-0.005827003493063643,-0.00043681085480817844
13.707,0.0046591962232140904,-0.005855075368927487,-0.00027922568830707206
13.741,0.004653772067076289,-0.005853007402920607,-0.00020084559283262138
13.775,0.004643272736983839,-0.005834886903047565,-0.0002505599380789869
13.809,0.004603387746684007,-0.005791431713380035,-0.00021418849169163587
13.843,0.0046343328281861496,-0.005835767038697703,-0.0007727458439146239
13.877,0.004637318125398249,-0.00585064748646813,-0.00010242250351477633
13.911,0.004637279834262431,-0.005841077954551022,0.0014311931203023767
13.945,0.004649374123540273,-0.00583870648889917,0.0014224382400800373
13.979,0.004587992555763476,-0.005743367286493939,0.0016979860689332327
14.013,0.004296378668497525,-0.005362245049190584,0.0007454323331198554
14.047,0.004430307045574677,-0.005523563567829015,0.0009671386346693511
14.081,0.004492768207751796,-0.005592494534871761,9.023303301092245e-05
14.115,0.004650048566393172,-0.005796669026008505,-0.002875112730007845
14.149000000000001,0.004615363999914246,-0.005796054004010731,-0.0032614635002427
14.183,0.004561929838781564,-0.00576253342155475,-0.002588864987310147
14.217,0.004388032527304686,-0.0055721490420608255,-0.0011717855208566164
14.251,0.004381173989671749,-0.00556724110254514,-0.0009739695745402122
14.285,0.004280062614437696,-0.005453104446650148,-0.0021498594568194478
14.319,0.004092279376499031,-0.005247648412860517,-0.0022294418278144823
14.353,0.004104890109349668,-0.005275733158983442,-0.0005727072044248159
14.387,0.004207176679102309,-0.005411614335608661,0.0003071317747582735
14.421,0.0045433733050774805,-0.0058298169093009555,0.0011351034237246924
14.455,0.004598327261453372,-0.005893546654394122,0.0004882842645502761
14.489,0.004606568654277554,-0.005899939493882123,1.740955138074263e-05
14.523,0.004609666632916065,-0.0059062520055621626,-0.0001771636727398995
14.557,0.004609632132831942,-0.00590892527743625,-0.00025608655496323074
14.591,0.0044704179167076585,-0.005725305172604944,0.0019315092980429769
14.625,0.004296254977960157,-0.005463692081050464,0.004175984287509316
14.659,0.004243733533911609,-0.005357684301815713,0.0023480611564020704
14.693,0.004256205548688774,-0.0053600392385217965,6.65758540064898e-05
14.727,0.004378284666948007,-0.0055115025779417515,0.0016868157410261373
14.761,0.004405079647938681,-0.005513218374280537,0.0021676108241575065
14.795,0.004451779211358975,-0.0055407946045691325,0.004040464731049576
14.829,0.004545868409657983,-0.005611078168607175,0.003377395496808044
14.863,0.004680318098382541,-0.0057526943772789885,0.0012429043197522693
14.897,0.00451422459348505,-0.005540978782236472,0.00018589035075222696
14.931000000000001,0.004473459973068028,-0.005489959377520837,8.058388414278195e-05
14.965,0.004478841998458272,-0.005496086369525255,5.398678977019955e-05
14.999,0.004684078941326941,-0.00575197502098046,-0.001202230695984019
15.033,0.004730223667383848,-0.005829345510299788,-0.0018194745634300127
15.067,0.004717644157370859,-0.005834817555113947,-0.0018411811148317805
15.101,0.0046716369816495185,-0.005787760578368051,-0.0005129459334733966
15.135,0.004650700612591985,-0.005773939010779827,-0.000887530141979398
15.169,0.004674758046427474,-0.005810426416887893,-0.0001372672125430352
15.203,0.004464328481808222,-0.005553336628685734,-0.001279024023861708
15.237,0.004400095028969098,-0.005482472239461522,0.00045028429620574956
15.271,0.004400823385479979,-0.0054683358605100985,0.0015958881121382884
15.305,0.004486567031634747,-0.005550556105895943,0.002605154456360337
15.339,0.004616316662863662,-0.005693166466771871,0.00048011848148088454
15.373,0.004677508293820187,-0.005774567834151867,-0.0011899460765073533
15.407,0.004305826635855103,-0.00533051891261227,-0.00029097640142161657
15.441,0.004438021401720782,-0.005492102624492734,-0.0008268701020114345
15.475,0.00445372903830088,-0.0055250265230442075,-0.0005952250107117419
15.509,0.004449755607991435,-0.0055177396605126106,0.0009290548747384886
15.543,0.0044560661986092764,-0.005515580701664025,0.0008483376228591856
15.577,0.004488261772924718,-0.005543273945208149,0.00010731684795095565
15.611,0.004587454851762596,-0.005681158603662251,-0.0033212445777163206
15.645,0.004586274067451601,-0.005722548246009929,-0.0028858510396582156
15.679,0.004645972066212645,-0.005825427241365144,-0.0015947529607172053
15.713000000000001,0.004659646781702165,-0.005859585949324675,-0.0016477074591872976
15.747,0.0046271876276668955,-0.005834106577673914,-0.001117786948561461
15.781,0.004620723482314126,-0.005835733384643937,0.0001070666172198198
15.815,0.0046281128459213505,-0.0058365752020383965,0.001595861068226956
15.849,0.004641886439268772,-0.005833477120970265,0.0015896646607059806
15.883,0.004654632005762327,-0.005830861453170133,0.001478264808405516
15.917,0.004666978121067533,-0.005829899572120656,0.0013766535040181658
15.951,0.004678755240525856,-0.005828395912447437,0.0013519118606533098
15.985,0.00468820400865777,-0.005824048255040015,0.0015760061089981068
16.019,0.004697545438375306,-0.0058163531018635695,0.0016510356310160956
16.053,0.004707212369302383,-0.005803727976178674,0.0015031336959044905
16.087,0.0046907137101130925,-0.00577210320807886,0.0008981212288603491
16.121,0.004709722323579468,-0.00578559602024642,0.001163772546752373
16.155,0.004721740402819918,-0.005786959215877019,0.0013152410319788867
16.189,0.0046284884406953,-0.005653784494892733,-0.00036806713555515014
16.223,0.004439378607117295,-0.005449025175657596,-0.002659700902656992
16.257,0.0044521106801949095,-0.00547434833309568,0.001399523784006318
16.291,0.004552844927974142,-0.005575396285525613,0.0019536192235494187
16.325,0.004710012031853061,-0.005754843949644872,0.00023543346874965732
16.359,0.0047333726287996924,-0.005784682360275628,-0.00012136470343127036
16.393,0.004727820949397277,-0.005770780282830845,0.0019694885953398518
16.427,0.004743847275754387,-0.0057621598071055935,0.0023972180543816446
16.461,0.004760267174376054,-0.005754736987314324,0.0023527202280803072
16.495,0.004573391382046044,-0.0054943486777769834,0.00441526490962818
16.529,0.004527086688703719,-0.005391734657258951,0.0024359994352183283
16.563,0.00453226435015619,-0.005379540955542161,0.0013734165800023401
16.597,0.004661041262374432,-0.005524013423118923,-0.0010456035646785322
16.631,0.004785689116711289,-0.005692438410825673,-0.0004634563922770729
16.665,0.004809558926619939,-0.005719603114613392,0.00015972484995119274
16.699,0.004612887559562129,-0.0054878948789749415,-0.003823341792831391
16.733,0.004523593315819863,-0.005439982873529647,-0.0026549632219208252
16.767,0.004511424298286215,-0.005433822165802127,0.0001181955215314723
16.801,0.004510799535388799,-0.005420589960752231,0.0023590409304623523
16.835,0.004526666320294748,-0.005413395588387271,0.002359102845708727
16.869,0.0045512103382856495,-0.0054172893896509144,0.0023602699443633357
16.903,0.004782634556231624,-0.005668970396627948,0.0011344481069048837
16.937,0.0048279316871622235,-0.00571644600465504,0.0005293017715849446
16.971,0.004833588555368529,-0.0057187062530164035,0.00034374174722862083
17.005,0.004835570261879418,-0.005716247719676382,-0.00039668918758373195
17.039,0.004817659488400405,-0.005701449564133654,-0.0008035737497884554
17.073,0.004798845335793445,-0.005691856018865682,-0.0006459265522160694
17.107,0.004811313931836203,-0.005706319112652292,0.0012029181489283667
17.141,0.004822156345922313,-0.005704541179370803,0.0013083742396671203
17.175,0.00482788061101358,-0.005685929297939651,0.00131846165705507
17.209,0.004803155269877291,-0.005645153076994536,0.0015588590711042016
17.243,0.0048238580172697,-0.005653203136474438,0.0013778522081810964
17.277,0.004848168850708046,-0.005668027630887362,0.0011169936474980657
17.311,0.004856167728340299,-0.005665740762465621,0.0010874284662966138
17.345,0.004865322233651437,-0.005664330332402212,0.0010833704072115147
17.379,0.004872968430770008,-0.0056604228806169665,0.0015206988931601997
17.413,0.0048832769057476355,-0.005650883362998016,0.002054714816780545
17.447,0.004895288616509674,-0.005642147009236709,0.0019617349572724767
17.481,0.00491704622738709,-0.0056412229637397004,0.0014121982928914092
17.515,0.004907557749401992,-0.005624559327532808,0.00040712021450317604
17.549,0.004918671032986488,-0.005631242580846685,0.0005157860666944458
17.583,0.004922670529354356,-0.005633394273763859,6.776286735699079e-05
17.617,0.004921574697966946,-0.005633876484592459,-0.00020536675766802404
17.651,0.004917452846739945,-0.005628348598690991,-7.124061799779204e-05
17.685,0.0049126258963823055,-0.005617469180899892,0.0013209315659156176
17.719,0.004901729047191772,-0.005582987855891286,0.002612785253899408
17.753,0.004927617881747448,-0.005583356385175264,0.0024819578642188977
17.787,0.004784359069715194,-0.005394873771872977,0.0020400277271178657
17.821,0.004559469665782689,-0.005132383409380825,0.00037038319208781983
17.855,0.004702474675984725,-0.005279433663166966,0.0021555459140067956
17.889,0.004844729702059514,-0.0054175620737124675,0.0010983074559903774
17.923000000000002,0.004993305821489713,-0.005581789234973211,-0.00022255692337913582
17.957,0.004990618825669202,-0.005576880445502752,-0.00038745934610084914
17.991,0.004961778978858522,-0.00555567906749399,-0.0010823286561455483
18.025,0.0049729174901833595,-0.00557978318405894,-0.0008153118309522922
18.059,0.004976609716019986,-0.005592992682522002,-0.0006732075017725769
18.093,0.004966579433347107,-0.005584861794848628,0.0008514430270335493
18.127,0.004971478906823812,-0.005573459003969106,0.0012785609663737985
18.161,0.0049604975859658396,-0.005542660371371078,0.0017008616026715773
18.195,0.004939598619376984,-0.00550360961891494,0.0011951419187701262
18.229,0.004990005619310178,-0.005552428162013623,0.00037841061925225633
18.263,0.004994165630041181,-0.005553649053131604,0.0003923637859817309
18.297,0.004673885244447895,-0.005192653993665086,0.00046712930120962337
18.331,0.0045975870689876075,-0.005103447754255086,0.000509680890709574
18.365,0.00474930058796641,-0.005268840537789199,0.0001286172341399272
18.399,0.004939171850044222,-0.00548576160040426,-0.0017575551032688044
18.433,0.005012128541091787,-0.005584647410679544,-0.001629988746721489
18.467,0.004975155548642807,-0.005564874408248155,-0.002148544999874158
18.501,0.004926701170955727,-0.005526755622737856,-0.00030353200913857403
18.535,0.004974205767734663,-0.005580129534819012,0.0006543737898604407
18.569,0.004976622457630864,-0.005575879131877848,0.0005884657721032528
18.603,0.0049844129000571336,-0.005578015164580563,-0.00026071913659986295
18.637,0.004966684698623158,-0.005558144382929342,0.00013857952091755887
18.671,0.0049579692152996735,-0.00554644917999525,0.0007200930017778884
18.705,0.004966445175234924,-0.0055374803643069015,0.002923990925585596
18.739,0.00498734279461166,-0.00552844796448948,0.002884957110096731
18.773,0.005007331940536819,-0.005519544584781322,0.002552107297977502
18.807,0.005028707018512435,-0.005520150834257276,0.001598823774949021
18.841,0.005039365608284108,-0.005515524910713054,0.0015518397678957463
18.875,0.005053366298238604,-0.005515059001302891,0.0010744248156155931
18.909,0.005048527354149623,-0.005498426171270943,-0.00036373270401690583
18.943,0.005017071080076541,-0.005477394359721721,-0.000956321793337822
18.977,0.004997871440761248,-0.0054628720664693375,-0.00024397037678902667
19.011,0.004687827419919799,-0.00512420081628262,0.0006803376827032581
19.045,0.004776848298352565,-0.00521663459884758,-0.0001710609972498389
19.079,0.004810316935738079,-0.0052587484881816415,0.00015716320796010927
19.113,0.004871209035592461,-0.0053077184367977814,0.0009476347845992494
19.147,0.004877299172830085,-0.005307874752391584,0.0009446470262165496
19.181,0.0049822972263342535,-0.005419466379111615,0.0002149390287540243
19.215,0.005057468844342772,-0.0054976353007911705,0.00024918899900105984
19.249,0.0050605649434505295,-0.005499108191929114,0.00025424480751778944
19.283,0.004950528834663626,-0.005375329175965504,0.0007734322992072328
19.317,0.004662781081467671,-0.005053057190396171,0.0005954435851608375
19.351,0.004810139879156239,-0.005212004353009281,3.5284124593304433e-05
19.385,0.004881655082358716,-0.0052883092770046325,-0.001637597638389332
19.419,0.004950267421955257,-0.005397077504788239,-0.004351229849692828
19.453,0.004945804463023062,-0.005441236537942817,-0.003943095860799995
19.487,0.0048683559614572935,-0.0053925587146919085,-0.0025790198486710376
19.521,0.004650890135332819,-0.0051777945282669435,-0.0017813088860496595
19.555,0.004738867318966999,-0.00529318838191406,-0.0019862533706546115
19.589,0.004745767093289999,-0.0053108901933387465,-0.0005019877894198999
19.623,0.004719262866394569,-0.005286158848437417,0.0007786017147867197
19.657,0.004709782723046896,-0.0052629660302585535,0.0010852917586779975
19.691,0.004730517791484257,-0.005278091458550627,0.0002596699475353459
19.725,0.0048771496944719495,-0.005439984355247063,0.0006327824668935776
19.759,0.004992746817220617,-0.005558577922428309,0.0008936036558067073
19.793,0.0049963571890638825,-0.0055492075809584485,0.0019455059762523155
19.827,0.005008576773084528,-0.005539577994565281,0.0020626483798633632
19.861,0.005019092766319844,-0.005528565520775519,0.001941050163167812
19.895,0.00504258646360034,-0.005533243799060283,0.0007320254004169469
19.929,0.005027350521813467,-0.0055166953702801,0.00019175551592198747
19.963,0.005039959239238279,-0.005526173449534877,0.00033422350404921364
19.997,0.0050446869465203825,-0.00553551426179677,-0.0009717110520839345
20.031,0.00503747736240312,-0.0055395175178181155,-0.0009142018340501101
20.065,0.005029589970840576,-0.005534772209666361,-0.0007215868845705797
20.099,0.0050107453630841015,-0.005517443014603884,0.0008025698454172668
20.133,0.005018829465118557,-0.00551591989713085,0.0008010678070801136
20.167,0.005025783530669958,-0.005516849109841182,0.0008192084876125217
20.201,0.005032184944050666,-0.005513139026898983,0.001089634153535468
20.235,0.005041421304863736,-0.005511614085827787,0.0010738515031197826
20.269,0.005040066743437599,-0.005498012793114793,0.0011311478726908632
20.303,0.004763169408679158,-0.005176471455373033,0.0025968817784729477
20.337,0.004807171294740176,-0.005206731351061311,0.000574775441340214
20.371,0.004808593700280639,-0.005200772882952176,-9.748708737356004e-05
20.405,0.004937857126355638,-0.005360222510410129,-0.0036427716203683014
20.439,0.005001492404710817,-0.005469876422803832,-0.002376332737520581
20.473,0.005046046339656662,-0.005537804019226211,-0.0008985720074786707
20.507,0.00503321142062596,-0.005524018097600614,0.0008489558907400773
20.541,0.005037983306704685,-0.005512963234357127,0.0009530464842018027
20.575,0.004984864824005619,-0.005444805606432013,0.0009594495991482876
20.609,0.0046425086840051755,-0.005080347654997652,-0.0032554036046142927
20.643,0.0047159097493723046,-0.005183255004632237,0.0008197319306936235
20.677,0.004803579792099999,-0.005263589316764072,0.0016212294371160674
20.711,0.005030458563475282,-0.0054948128023282194,0.0010645881346499353
20.745,0.005051643283950025,-0.0055085140058399595,0.0009807170967816028
20.779,0.005003636961443014,-0.005444587324758832,0.0013968112784187303
20.813,0.0048231322672269705,-0.0052358319576804035,0.0006582249211801728
20.847,0.004789174609563407,-0.00518808170874685,-1.8731674057081982e-05
20.881,0.004755971071634946,-0.005159867178659905,-0.0002694147806507896
20.915,0.004786383346134571,-0.005191433117356148,0.0007303210650743129
20.949,0.004802898258478017,-0.005201834947734962,0.0009280106279295762
20.983,0.004864387744303311,-0.00525842660258391,0.0012205320484576232
21.017,0.0050316193597161885,-0.005421938745222121,0.000732804649320018
21.051,0.005062791468978478,-0.005446701872122706,0.0003828231958338258
21.085,0.005058270430313705,-0.0054382751423047715,0.0017123224057619122
21.119,0.005084551705811791,-0.00544209946374119,0.0023842526481369086
21.153,0.005098904200780741,-0.005432496352794303,0.0024055315387013776
21.187,0.005118460058914476,-0.005429579674630869,0.0015743233614720074
21.221,0.005130789984374218,-0.005429903774466727,0.0011611812677521094
21.255,0.005138997509823273,-0.0054266573209491575,0.0010959031765489513
21.289,0.005004194153249486,-0.00526602134970755,0.002925779995684441
21.323,0.004905458414221631,-0.005126181290075582,0.002075402010727867
21.357,0.004902378780252459,-0.00511707583283405,0.00017157194770089926
21.391,0.004992045398357181,-0.005209243138835529,-0.0006567787229568857
21.425,0.005128024162492473,-0.005358636616986434,0.0010284160804893139
21.459,0.005173480049033952,-0.005389534883926128,0.001696350703408789
21.493,0.005183122546422503,-0.005382276843345579,0.0009992065652968398
21.527,0.0051866949994003875,-0.0053693135527743685,0.0010363093483040098
21.561,0.005159614595044104,-0.005332640515997689,0.0016020737730303436
21.595,0.005004086844061728,-0.005157851834850735,0.0005322971039886105
21.629,0.00492409818051609,-0.00507250235866108,0.0008753958109709581
21.663,0.004932408483723449,-0.0050710162889009425,0.0008723160961335852
21.697,0.005136419018058724,-0.005272518518161462,0.0005204766883678547
21.731,0.005221557876641469,-0.005358011798218598,0.00014916830517786028
21.765,0.005221211039009965,-0.005355890535491348,6.575364435712494e-05
21.799,0.004963833168811327,-0.0050719692054559395,0.004683414544986441
21.833,0.00496386981732444,-0.005026182812038815,0.002232197015708759
21.867,0.004977178099305757,-0.00503736772148633,-0.00038674278458905587
21.901,0.00498136784663572,-0.005042742772121578,2.5761742163621374e-05
21.935,0.0049825239913050545,-0.005044002605330888,2.802826216852239e-05
21.969,0.004987720334607371,-0.005049144713358711,0.00016922492657778232
22.003,0.005139470887977726,-0.005193099797945244,0.002098829596262952
22.037,0.005170307192076784,-0.005192449620938344,0.002466627919316511
22.071,0.005190074457325444,-0.0051897539176866125,0.0019094378715467373
22.105,0.005245989149014196,-0.005244961593515729,-0.0015347335857436306
22.139,0.005288167183716386,-0.0053095948132377835,-0.0022954672623605172
22.173,0.005275579548713605,-0.005320761447930256,-0.0017858589712341777
22.207,0.005262972582406711,-0.005317744041314576,9.604896362702675e-07
22.241,0.005264205424493795,-0.005318785073205046,-0.00010958994694765246
22.275,0.005274131220206257,-0.005325478827794328,-0.0004902165661683222
22.309,0.0052570338254587234,-0.005323601184391791,-0.0017533746238918013
22.343,0.005250254288521106,-0.005336670459509474,-0.0017572472280173999
22.377,0.005246647858156983,-0.005353094723541396,-0.0018193017369099174
22.411,0.005240032229485436,-0.00536692207308187,-0.001936711605685981
22.445,0.005227361039821243,-0.00537474155431239,-0.0018529171391059582
22.479,0.0052288127611674895,-0.005389768448911703,-0.0011224390766169101
22.513,0.0052128244419780145,-0.005379958440811183,0.0003837373968686997
22.547,0.005193811069577059,-0.0053524924028618415,0.0007935114008842391
22.581,0.005203974641716069,-0.005356843139662448,0.00024411198334794992
22.615,0.0052094359000851576,-0.005363858597609461,-0.0002812626385091388
22.649,0.005211455596024539,-0.005369451093756972,-0.00030026485389322843
22.683,0.0051241242783679475,-0.005281654189759788,6.287577523722554e-05
22.717,0.004943705904671081,-0.005099174747864144,-0.0010113577553155784
22.751,0.00493548998207638,-0.005099191567164318,-0.0011951114511209449
22.785,0.004825652131855485,-0.004996336420098224,-0.0002468860066446865
22.819,0.0046622234746309665,-0.0048278701578587935,-0.0007427289981506435
22.853,0.004650895882159833,-0.004830335078794601,-0.0014569760502505247
22.887,0.004734780843198116,-0.004932307212067943,-0.0016706506279721145
22.921,0.00503776277217316,-0.005264236527863453,-0.0010435904614007896
22.955,0.005170491072571615,-0.005413142004921934,-0.0013933347764789605
22.989,0.005154070395472665,-0.005406884320346972,-0.001025254823795896
23.023,0.0051447339945331905,-0.0054090635795360775,-0.0008966624705929461
23.057,0.005147056279857232,-0.005423045852397834,-0.0009684126380452573
23.091,0.00514572951390635,-0.005433886580271885,-0.0012483498665797343
23.125,0.005143293900899959,-0.0054456305732819565,-0.0013406396437500858
23.159,0.00513943120285143,-0.005456490323222152,-0.0013726773556284042
23.193,0.005131787354863526,-0.005462236879328675,-0.001028115116275208
23.227,0.00512567577396883,-0.00546595288297258,-0.0010771462106308194
23.261,0.00510741290356842,-0.0054551705691667784,-0.0014685061739084793
23.295,0.005064345047927077,-0.005429255541596678,-0.0013273274770178034
23.329,0.005096444032620884,-0.005474452447605138,-0.00053117562810856
23.363,0.005097147817316738,-0.005481440682210792,-0.00044826793166607976
23.397,0.00492022524456992,-0.0052988537559346405,-0.0012318790900595067
23.431,0.004806597846448657,-0.005183546578025666,-0.00044361331395292863
23.465,0.004777860427344294,-0.0051544552349840345,0.00011051708768383685
23.499,0.004920358307397343,-0.005293651483710082,0.00281627530683215
23.533,0.005065191249868484,-0.005424692149274435,0.0018971267820034887
23.567,0.005099637752525865,-0.0054435340662295495,0.0014482387995027324
23.601,0.005115894080097494,-0.005451994195686982,0.0001458498412166831
23.635,0.005119946359855021,-0.005455456268113945,0.00012282565677168567
23.669,0.005112803728149817,-0.005446372813934897,0.00017650084461906526
23.703,0.0048338299504413484,-0.005135168299626347,0.0030641522920069604
23.737000000000002,0.004850581168369672,-0.005128362541673592,-0.00038164993156653004
23.771,0.004843865832495187,-0.005135634312916082,-0.0011755748582504832
23.805,0.004966586031643239,-0.005281272437440698,-0.0019534690501226137
23.839,0.005078318901044376,-0.005415309156952208,0.0004470834834239268
23.873,0.005116339793069358,-0.00544491598623198,0.00092968601460508
23.907,0.005125894553806187,-0.005442801742134407,0.00034358218159857845
23.941,0.005104761318324602,-0.005415715529537568,0.0008085705039694302
23.975,0.005109969638653844,-0.005410999314616749,0.0013497383084781769
24.009,0.0051197156991160675,-0.0054023818336399465,0.002570093109649729
24.043,0.005138883021827745,-0.0053943970771408445,0.0025395070235311183
24.077,0.0051569823043635665,-0.005386521994578342,0.0022776233367249876
24.111,0.005173580773765174,-0.005382664859501229,0.0018384375671228745
24.145,0.005184936098116655,-0.005375389734179947,0.0017657625876656982
24.179,0.005138129507901379,-0.005302962831500224,0.0026082629409894813
24.213,0.00498186521127586,-0.005106842317077032,0.004160479774347081
24.247,0.0049741661390232395,-0.005067178118977722,0.0012316886899929047
24.281,0.00501276992600852,-0.005099096299283179,0.0004808146630765897
24.315,0.005187077469928081,-0.005271842379229952,0.0017540942337093135
24.349,0.0052452516783740855,-0.005304768253239001,0.0026637199691774693
24.383,0.00518669474828215,-0.005218479218374483,0.0016738994371557903
24.417,0.005049991894643391,-0.005066852278702072,0.001004602611189731
24.451,0.004997824131126816,-0.005004001383260626,0.00198312433554515
24.485,0.005059410066884595,-0.0050408092874940635,0.0026582116697650977
24.519,0.005249156455922499,-0.005208546165508476,0.001047737393556125
24.553,0.005308810029569511,-0.00526219805291861,0.00022270905851895506
24.587,0.005313863396292362,-0.005267101781296635,-0.00014656763028608746
24.621,0.005315049551998019,-0.005271751437788019,-0.00038304411072886957
24.655,0.00531283149363615,-0.005272838850909789,-0.0005033053473307848
24.689,0.005187210410895204,-0.005144423134079812,0.0017119791100824733
24.723,0.005027614446161177,-0.004963083644955457,0.0025554092438572207
24.757,0.005039571219326078,-0.00494989466540563,0.0024716904083125213
24.791,0.004863200406768353,-0.004754275390353335,0.0023184517107870395
24.825,0.00469513779605002,-0.004578258868121132,0.0007817621165057133
24.859,0.004790089437229028,-0.004658715656095769,0.001906022197359469
24.893,0.004805686451357705,-0.004653089596120985,0.0010613354860276039
24.927,0.00491537845014367,-0.004741924632412076,0.0037066474845951496
24.961,0.005034633407547506,-0.004809542423362956,0.0051362195963416965
24.995,0.005196959751144092,-0.0049211799065029815,0.0036207643983519056
25.029,0.005397145729400421,-0.005089902778832922,0.0007953631563399899
25.063,0.005440354656418567,-0.005127318165900174,0.00020653168525230914
25.097,0.005236831708280931,-0.004933486290032096,1.2835140766886965e-05
25.131,0.0051635004936909645,-0.004866799378960618,-0.000920015842646338
25.165,0.005156362709813234,-0.004867146524073274,-0.0010537516174980999
25.199,0.005038908945423692,-0.00476621123400589,-0.0003752114759836278
25.233,0.004871159801207003,-0.004614814470665696,-0.0008167850072485773
25.267,0.004864357951879228,-0.004616094076197452,-0.000933095033918474
25.301,0.005101581502730657,-0.004854704897655271,-0.0021587711146096034
25.335,0.005366130926892865,-0.0051247636963456245,-0.00023840648133222064
25.369,0.005399861505982262,-0.005153276041870214,0.000514651600919569
25.403,0.005224170492425184,-0.0049876332235219145,-0.0026960162802805994
25.437,0.005160387762557672,-0.004949876066571157,-0.00025848406259643136
25.471,0.005082303340668393,-0.004871636876578211,0.0005865783888212572
25.505,0.004841870892839939,-0.004640014913936952,8.496540749969306e-05
25.539,0.00482931432153455,-0.004625082144338766,0.00022168862628668684
25.573,0.004803444881186447,-0.0045978436658073996,0.0003636691352885135
25.607,0.004571949575353784,-0.0043759135362280155,-0.00029124262967972214
25.641,0.004554604907668125,-0.004363985424755246,-0.0006845851908804378
25.675,0.004528030123129856,-0.004339872321355465,-0.00020833823931154519
25.709,0.004438787431439106,-0.0042498055367885534,0.001228402738387424
25.743,0.004466505217394889,-0.004264400980961369,0.0015868957193438946
25.777,0.004595524822578856,-0.004370547216098863,0.002810217368042655
25.811,0.0049642099169919796,-0.0047007282530784344,0.0013105203180521219
25.845,0.0051385265836332294,-0.0048502352622148415,0.002562380548206122
25.879,0.0051937764748126725,-0.004875957774240991,0.003184520041515926
25.913,0.005392163807448558,-0.005012951501478735,0.005169830127372266
25.947,0.005409888094796589,-0.0049778543018890176,0.0054202371517774175
25.981,0.005370023252599498,-0.004888998750584239,0.0044375647720436
26.015,0.005059001623454407,-0.004586783651918669,0.000978881965075451
26.049,0.0052132991957356545,-0.004703672241924917,0.004254516811612818
26.083,0.005142475877605968,-0.004595760623218759,0.005104069180401961
26.117,0.004732603940620805,-0.004180547527629752,0.007044382820617811
26.151,0.004701628344162767,-0.004092098258273502,0.0069617815313557365
26.185,0.004797744758573419,-0.004117215452178247,0.004769152481847504
26.219,0.005092692286165601,-0.004357376581710426,-0.0021428318173633
26.253,0.005191476365807635,-0.004467441845681819,-0.001683959880070418
26.287,0.005154018759951917,-0.004443498621605535,5.113727134753442e-05
26.321,0.005079948109333543,-0.004378884771700786,0.0009212246299132865
26.355,0.005312128566477892,-0.004551967466038143,0.00508779444164098
26.389,0.005190369624957114,-0.0044000445505112395,0.004010679037408593
26.423000000000002,0.004894684273473615,-0.00412975285226036,0.0027837690577242613
26.457,0.005089073256594467,-0.004245692630782116,0.006597686534571488
26.491,0.004961986809449925,-0.004092510529355664,0.0039267052121346735
26.525,0.004721331692914443,-0.003876780873246055,0.002546690420142217
26.559,0.0045910858941495825,-0.0037330812104885425,0.007260422816955046
26.593,0.004360965150337126,-0.0034897645150726575,0.00816025431365508
26.627,0.004272986845748061,-0.003362049770004205,0.007837610124179826
26.661,0.004296237775141876,-0.003327406410564393,0.00776383264685998
26.695,0.004272787744727946,-0.003253432596406647,0.007234964147677658
26.729,0.0041152265269248645,-0.0030872144640996524,0.008404699962459293
26.763,0.004037908602546825,-0.002978304451894509,0.007845247088590244
26.797,0.0038524351975333104,-0.0027903764259518127,0.00828113864360369
26.831,0.0037840210199151514,-0.002699149800354128,0.007317186353431258
26.865,0.0038072439988319218,-0.0026731901832377503,0.007263996739579558
26.899,0.003847916047878819,-0.0026677681159972266,0.0040855329103470775
26.933,0.0038642508107180618,-0.002656947304639168,0.00396280518996428
26.967,0.003870402401731976,-0.0026385886670459158,0.0039462980648523605
27.001,0.0035990663351559427,-0.002430611593841725,0.005684488789555963
27.035,0.003566293146148425,-0.00237614012146814,0.0063327389219263175
27.069,0.003594585671190309,-0.0023625084307976607,0.006373698104780723
27.103,0.003871268763261604,-0.002506685568874012,0.007333518821343476
27.137,0.003514761961636026,-0.00224277689645902,0.0052613075588839875
27.171,0.003299929195883955,-0.002082787049167756,0.0060320249669509884
27.205,0.003308626732124509,-0.002059485690677043,0.006255653595884646
27.239,0.003319848454272911,-0.002038273325573492,0.006306800118101362
27.273,0.0033274003472030245,-0.0020111470931736264,0.006340006938366227
27.307,0.0033112657100389242,-0.001972595178520997,0.006513199968560478
27.341,0.0032936617316101646,-0.0019332974802468428,0.006837402223308529
27.375,0.00334151859026921,-0.0019326526380698539,0.006063735470111631
27.409,0.0033621421525253936,-0.0019146316818750009,0.004344966911888681
27.443,0.003325291935132757,-0.001879404314679256,0.0036654827534619017
27.477,0.0033109776587898487,-0.0018583100321754031,0.002692919808949146
27.511,0.003388653984079948,-0.001892724362297038,0.0015284789259122353
27.545,0.003408253177088927,-0.0018958674835740652,0.0017850421625693615
27.579,0.0033765690485405564,-0.0018691565601720583,0.0031935353325815985
27.613,0.003282483609148734,-0.0017922266483454408,0.009385639024984294
27.647,0.0034038236328379767,-0.001818551754897868,0.007745913740866416
27.681,0.003418445886800736,-0.0017935673058859791,0.006885490125623006
27.715,0.003442165080651094,-0.001779019260565562,0.005898705542307257
27.749,0.003455545838487062,-0.0017601502990967077,0.0059002422723350425
27.783,0.0034691511564099997,-0.0017414032153464376,0.0058641218823501364
27.817,0.0034825301625276417,-0.00172274080406698,0.005835548310629156
27.851,0.0034955278879409413,-0.0017038859673652595,0.005834366648977018
27.885,0.0035231804749162876,-0.0016937955183786713,0.003525312342838815
27.919,0.0035484019292622015,-0.0016968865816755496,0.0016141143760211585
27.953,0.0035539317482107258,-0.0016925231110267447,0.0016104518044754992
27.987000000000002,0.0035667539727874953,-0.0016929630696367326,0.0002732417476321025
28.021,0.003586537306876636,-0.001706710150873647,-0.003583781259408836
28.055,0.003411972814860942,-0.0016457987840681199,-0.006717956456092799
28.089,0.002774000900898077,-0.0013611109140656552,-0.007705049633613958
28.123,0.002160423797242572,-0.0010804607776480069,-0.008986192521416024
28.157,0.0015692057640963597,-0.000801970789257922,-0.010482670308434803
28.191,0.001017449039258267,-0.0005331301228990171,-0.011038764527905419
28.225,0.0006297420058598568,-0.0003367725063148086,-0.007767183357727635
28.259,0.000290708048695798,-0.00015713202251443903,-0.003451958111068742
28.293,3.3625962367445084e-05,-1.776897325722615e-05,-0.0002427085585816613
28.327,1.8864243074734333e-05,-1.0182135423697503e-05,-6.548482923807165e-05
28.361,2.2441198181955002e-05,-1.2877143216627474e-05,-0.004192407512917828
28.395,2.541012635415285e-06,2.109573316033675e-06,-0.013633326067739813
28.429,-8.186604184157176e-05,5.378221655050197e-05,-0.022809585668990603
28.463,-0.00024610237645772415,0.00016249567401516174,-0.031655624424900886
28.497,-0.00035447178233916077,0.0002543335862794649,-0.03675133128401641
28.531,-0.0003557024444131862,0.0002761014518668503,-0.036676106143170954
28.565,-0.00036563754982088525,0.0003022543644215503,-0.03644577536504367
28.599,-0.0003229443325269976,0.00028944885730552983,-0.03694115726333458
28.633,-0.00023034831243018417,0.00022707755836659516,-0.03813065596043951
28.667,6.033570299113222e-05,-4.789914992286981e-05,-0.03342255262276615
28.701,0.00027045461698982365,-0.00027042861956960706,-0.021210871956776064
28.735,0.00028505926446431573,-0.00030127531890755677,-0.008034648721609748
28.769,8.164295965062962e-05,-8.706236265076939e-05,-0.0013179690982757508
28.803,-9.092616455763647e-06,9.470493656849044e-06,0.00015548783105512334
28.837,-7.5255810170204995e-06,8.705272402487196e-06,0.00013946268604381198
28.871,-7.425575307085097e-06,8.625589383193244e-06,0.00013768395635682665
28.905,-7.336193065921037e-06,8.5372705864728e-06,0.00013594483003831484
28.939,-7.2550826057948825e-06,8.462472269599175e-06,0.00013441939827540939
28.973,-7.1831123871213265e-06,8.395749138578879e-06,0.0001330670159106484
29.007,-7.119616177941879e-06,8.336517678841915e-06,0.00013187177278972673
29.041,-7.063199590984226e-06,8.283742137571437e-06,0.00013081028438310938
29.075,-7.013072102157736e-06,8.236436352504484e-06,0.00012986656628932725
29.109,-6.9684170518335975e-06,8.194046804632649e-06,0.0001290262668216524
29.143,-6.928886393531286e-06,8.156174735596267e-06,0.00012828053416291674
29.177,-6.893468967206218e-06,8.122050991765661e-06,0.00012761296754215665
29.211,-6.861724376250322e-06,8.09118131872566e-06,0.00012701429436978717
29.245,-6.833323360488919e-06,8.063210973574542e-06,0.00012647796942300007
29.279,-6.807829104005236e-06,8.037848280295634e-06,0.00012599661530077189
29.313,-6.784899932110733e-06,8.014741935014058e-06,0.00012556304516386785
29.347,-6.764340518827794e-06,7.993737587419503e-06,0.0001251734192238008
29.381,-6.745699982602105e-06,7.974471671445826e-06,0.00012482022030457784
29.415,-6.728777862008428e-06,7.956725705859924e-06,0.00012449925844337797
29.449,-6.713374454125898e-06,7.940323556887563e-06,0.0001242067969798866
29.483,-6.6993138485571535e-06,7.925109372308725e-06,0.00012393953467770838
29.517,-6.686440336078903e-06,7.91094522423208e-06,0.00012369455035532437
29.551,-6.674616075397211e-06,7.897709087600902e-06,0.00012346925913564452
29.585,-6.663719062327544e-06,7.885292992781956e-06,0.0001232613739667876
29.619,-6.65364132146351e-06,7.873601433949773e-06,0.00012306887150603796
29.653,-6.644287274593097e-06,7.862549904480431e-06,0.00012288996139664388
29.687,-6.63557234936718e-06,7.852063647284524e-06,0.00012272306004990075
29.721,-6.627421691884905e-06,7.842076553465915e-06,0.00012256676637745212
29.755,-6.6194890240289794e-06,7.832276505581603e-06,0.00012241606375573702
29.789,-6.611775074993886e-06,7.82263912135761e-06,0.0001222709881234518
29.823,-6.604495438988778e-06,7.813378007703875e-06,0.00012213382755565938
29.857,-6.597493919180408e-06,7.804362544661103e-06,0.0001220020378079889
29.891,-6.590679286322398e-06,7.795501347551692e-06,0.00012187386686668411
29.925,-6.584137657306144e-06,7.786881583982108e-06,0.00012175082010723592
29.959,-6.577834195553578e-06,7.778474368613786e-06,0.00012163227824624202
29.993,-6.571740359007094e-06,7.770254623729045e-06,0.0001215177106224097
30.027,-6.565831047300463e-06,7.762200209704417e-06,0.0001214066491754817
30.061,-6.560084045315051e-06,7.754291533323965e-06,0.00012129867981536256
30.095,-6.554479696774251e-06,7.746511274220325e-06,0.00012119343621719293
30.129,-6.549000611588696e-06,7.738844101545794e-06,0.00012109059436882229
